bin Ex Popul. J= -0.0, J= +0.0 J= -1.0, J= +1.0 J= -2.0, J= +2.0 J= -3.0, J= +3.0 J= -4.0, J= +4.0 J= -5.0, J= +5.0 J= -6.0, J= +6.0 J= -7.0, J= +7.0 J= -8.0, J= +8.0 J= -9.0, J= +9.0

14 2.624 0.7735762224352829 0.0 0.0 0.0 0.2579 0.0 0.2579 0.0 0.2579 0.0 0.0 0.0 0.0 0.0 0.0 0.0 0.0 0.0 0.0 0.0 0.0
15 2.7371 0.7638142481970903 0.0 0.0 0.0 0.2546 0.0 0.2546 0.0 0.2546 0.0 0.0 0.0 0.0 0.0 0.0 0.0 0.0 0.0 0.0 0.0 0.0
16 2.8503 0.7540522739588977 0.0 0.0 0.0 0.2514 0.0 0.2514 0.0 0.2514 0.0 0.0 0.0 0.0 0.0 0.0 0.0 0.0 0.0 0.0 0.0 0.0
17 2.9634 0.7442902997207053 0.0 0.0 0.0 0.2481 0.0 0.2481 0.0 0.2481 0.0 0.0 0.0 0.0 0.0 0.0 0.0 0.0 0.0 0.0 0.0 0.0
18 3.0765 0.7345283254825128 0.0 0.0 0.0 0.2448 0.0 0.2448 0.0 0.2448 0.0 0.0 0.0 0.0 0.0 0.0 0.0 0.0 0.0 0.0 0.0 0.0
19 3.1897 0.7247663512443203 0.0 0.0 0.0 0.2416 0.0 0.2416 0.0 0.2416 0.0 0.0 0.0 0.0 0.0 0.0 0.0 0.0 0.0 0.0 0.0 0.0
20 3.3028 0.7150043770061278 0.0 0.0 0.0 0.2383 0.0 0.2383 0.0 0.2383 0.0 0.0 0.0 0.0 0.0 0.0 0.0 0.0 0.0 0.0 0.0 0.0
21 3.4159 0.7052424027679354 0.0 0.0 0.0 0.2351 0.0 0.2351 0.0 0.2351 0.0 0.0 0.0 0.0 0.0 0.0 0.0 0.0 0.0 0.0 0.0 0.0
22 3.529 0.6954804285297427 0.0 0.0 0.0 0.2318 0.0 0.2318 0.0 0.2318 0.0 0.0 0.0 0.0 0.0 0.0 0.0 0.0 0.0 0.0 0.0 0.0
23 3.6422 0.6857184542915503 0.0 0.0 0.0 0.2286 0.0 0.2286 0.0 0.2286 0.0 0.0 0.0 0.0 0.0 0.0 0.0 0.0 0.0 0.0 0.0 0.0
24 3.7553 0.6759564800533577 0.0 0.0 0.0 0.2253 0.0 0.2253 0.0 0.2253 0.0 0.0 0.0 0.0 0.0 0.0 0.0 0.0 0.0 0.0 0.0 0.0
25 3.8684 0.6661945058151653 0.0 0.0 0.0 0.2221 0.0 0.2221 0.0 0.2221 0.0 0.0 0.0 0.0 0.0 0.0 0.0 0.0 0.0 0.0 0.0 0.0
26 3.9816 0.6564325315769728 0.0 0.0 0.0 0.2188 0.0 0.2188 0.0 0.2188 0.0 0.0 0.0 0.0 0.0 0.0 0.0 0.0 0.0 0.0 0.0 0.0
27 4.0947 0.6466705573387803 0.0 0.0 0.0 0.2156 0.0 0.2156 0.0 0.2156 0.0 0.0 0.0 0.0 0.0 0.0 0.0 0.0 0.0 0.0 0.0 0.0
28 4.2078 0.6369085831005878 0.0 0.0 0.0 0.2123 0.0 0.2123 0.0 0.2123 0.0 0.0 0.0 0.0 0.0 0.0 0.0 0.0 0.0 0.0 0.0 0.0
29 4.321 0.6271466088623953 0.0 0.0 0.0 0.209 0.0 0.209 0.0 0.209 0.0 0.0 0.0 0.0 0.0 0.0 0.0 0.0 0.0 0.0 0.0 0.0
30 4.4341 0.6173846346242027 0.0 0.0 0.0 0.2058 0.0 0.2058 0.0 0.2058 0.0 0.0 0.0 0.0 0.0 0.0 0.0 0.0 0.0 0.0 0.0 0.0
31 4.5472 0.6076226603860102 0.0 0.0 0.0 0.2025 0.0 0.2025 0.0 0.2025 0.0 0.0 0.0 0.0 0.0 0.0 0.0 0.0 0.0 0.0 0.0 0.0
32 4.6603 0.5978606861478177 0.0 0.0 0.0 0.1993 0.0 0.1993 0.0 0.1993 0.0 0.0 0.0 0.0 0.0 0.0 0.0 0.0 0.0 0.0 0.0 0.0
33 4.7735 0.5880987119096253 0.0 0.0 0.0 0.196 0.0 0.196 0.0 0.196 0.0 0.0 0.0 0.0 0.0 0.0 0.0 0.0 0.0 0.0 0.0 0.0
34 4.8866 0.5783367376714328 0.0 0.0 0.0 0.1928 0.0 0.1928 0.0 0.1928 0.0 0.0 0.0 0.0 0.0 0.0 0.0 0.0 0.0 0.0 0.0 0.0
35 4.9997 0.5685747634332401 0.0 0.0 0.0 0.1895 0.0 0.1895 0.0 0.1895 0.0 0.0 0.0 0.0 0.0 0.0 0.0 0.0 0.0 0.0 0.0 0.0
36 5.1129 0.5588127891950478 0.0 0.0 0.0 0.1863 0.0 0.1863 0.0 0.1863 0.0 0.0 0.0 0.0 0.0 0.0 0.0 0.0 0.0 0.0 0.0 0.0
37 5.226 0.5490508149568553 0.0 0.0 0.0 0.183 0.0 0.183 0.0 0.183 0.0 0.0 0.0 0.0 0.0 0.0 0.0 0.0 0.0 0.0 0.0 0.0
38 5.3391 0.5392888407186627 0.0 0.0 0.0 0.1798 0.0 0.1798 0.0 0.1798 0.0 0.0 0.0 0.0 0.0 0.0 0.0 0.0 0.0 0.0 0.0 0.0
39 5.4523 0.5295268664804702 0.0 0.0 0.0 0.1765 0.0 0.1765 0.0 0.1765 0.0 0.0 0.0 0.0 0.0 0.0 0.0 0.0 0.0 0.0 0.0 0.0
40 5.5654 0.5197648922422777 0.0 0.0 0.0 0.1733 0.0 0.1733 0.0 0.1733 0.0 0.0 0.0 0.0 0.0 0.0 0.0 0.0 0.0 0.0 0.0 0.0
41 5.6785 0.5100029180040853 0.0 0.0 0.0 0.17 0.0 0.17 0.0 0.17 0.0 0.0 0.0 0.0 0.0 0.0 0.0 0.0 0.0 0.0 0.0 0.0
42 5.7917 0.5002409437658928 0.0 0.0 0.0 0.1667 0.0 0.1667 0.0 0.1667 0.0 0.0 0.0 0.0 0.0 0.0 0.0 0.0 0.0 0.0 0.0 0.0
43 5.9048 0.49047896952770015 0.0 0.0 0.0 0.1635 0.0 0.1635 0.0 0.1635 0.0 0.0 0.0 0.0 0.0 0.0 0.0 0.0 0.0 0.0 0.0 0.0
44 6.0179 0.48071699528950773 0.0 0.0 0.0 0.1602 0.0 0.1602 0.0 0.1602 0.0 0.0 0.0 0.0 0.0 0.0 0.0 0.0 0.0 0.0 0.0 0.0
45 6.131 0.47095502105131526 0.0 0.0 0.0 0.157 0.0 0.157 0.0 0.157 0.0 0.0 0.0 0.0 0.0 0.0 0.0 0.0 0.0 0.0 0.0 0.0
46 6.2442 0.4611930468131227 0.0 0.0 0.0 0.1537 0.0 0.1537 0.0 0.1537 0.0 0.0 0.0 0.0 0.0 0.0 0.0 0.0 0.0 0.0 0.0 0.0
47 6.3573 0.45143107257493015 0.0 0.0 0.0 0.1505 0.0 0.1505 0.0 0.1505 0.0 0.0 0.0 0.0 0.0 0.0 0.0 0.0 0.0 0.0 0.0 0.0
48 6.4704 0.44166909833673773 0.0 0.0 0.0 0.1472 0.0 0.1472 0.0 0.1472 0.0 0.0 0.0 0.0 0.0 0.0 0.0 0.0 0.0 0.0 0.0 0.0
49 6.5836 0.43190712409854515 0.0 0.0 0.0 0.144 0.0 0.144 0.0 0.144 0.0 0.0 0.0 0.0 0.0 0.0 0.0 0.0 0.0 0.0 0.0 0.0
50 6.6967 0.4221451498603527 0.0 0.0 0.0 0.1407 0.0 0.1407 0.0 0.1407 0.0 0.0 0.0 0.0 0.0 0.0 0.0 0.0 0.0 0.0 0.0 0.0
51 6.8098 0.41238317562216015 0.0 0.0 0.0 0.1375 0.0 0.1375 0.0 0.1375 0.0 0.0 0.0 0.0 0.0 0.0 0.0 0.0 0.0 0.0 0.0 0.0
52 6.923 0.40262120138396756 0.0 0.0 0.0 0.1342 0.0 0.1342 0.0 0.1342 0.0 0.0 0.0 0.0 0.0 0.0 0.0 0.0 0.0 0.0 0.0 0.0
53 7.0361 0.39285922714577515 0.0 0.0 0.0 0.131 0.0 0.131 0.0 0.131 0.0 0.0 0.0 0.0 0.0 0.0 0.0 0.0 0.0 0.0 0.0 0.0
54 7.1492 0.3830972529075827 0.0 0.0 0.0 0.1277 0.0 0.1277 0.0 0.1277 0.0 0.0 0.0 0.0 0.0 0.0 0.0 0.0 0.0 0.0 0.0 0.0
55 7.2623 0.3733352786693901 0.0 0.0 0.0 0.1244 0.0 0.1244 0.0 0.1244 0.0 0.0 0.0 0.0 0.0 0.0 0.0 0.0 0.0 0.0 0.0 0.0
56 7.3755 0.3635733044311976 0.0 0.0 0.0 0.1212 0.0 0.1212 0.0 0.1212 0.0 0.0 0.0 0.0 0.0 0.0 0.0 0.0 0.0 0.0 0.0 0.0
57 7.4886 0.35381133019300515 0.0 0.0 0.0 0.1179 0.0 0.1179 0.0 0.1179 0.0 0.0 0.0 0.0 0.0 0.0 0.0 0.0 0.0 0.0 0.0 0.0
58 7.6017 0.34404935595481256 0.0 0.0 0.0 0.1147 0.0 0.1147 0.0 0.1147 0.0 0.0 0.0 0.0 0.0 0.0 0.0 0.0 0.0 0.0 0.0 0.0
59 7.7149 0.3342873817166201 0.0 0.0 0.0 0.1114 0.0 0.1114 0.0 0.1114 0.0 0.0 0.0 0.0 0.0 0.0 0.0 0.0 0.0 0.0 0.0 0.0
60 7.828 0.32452540747842773 0.0 0.0 0.0 0.1082 0.0 0.1082 0.0 0.1082 0.0 0.0 0.0 0.0 0.0 0.0 0.0 0.0 0.0 0.0 0.0 0.0
61 7.9411 0.31476343324023504 0.0 0.0 0.0 0.1049 0.0 0.1049 0.0 0.1049 0.0 0.0 0.0 0.0 0.0 0.0 0.0 0.0 0.0 0.0 0.0 0.0
62 8.0543 0.30500145900204256 0.0 0.0 0.0 0.1017 0.0 0.1017 0.0 0.1017 0.0 0.0 0.0 0.0 0.0 0.0 0.0 0.0 0.0 0.0 0.0 0.0
63 8.1674 0.2952394847638502 0.0 0.0 0.0 0.0984 0.0 0.0984 0.0 0.0984 0.0 0.0 0.0 0.0 0.0 0.0 0.0 0.0 0.0 0.0 0.0 0.0
64 8.2805 0.2854775105256575 0.0 0.0 0.0 0.0952 0.0 0.0952 0.0 0.0952 0.0 0.0 0.0 0.0 0.0 0.0 0.0 0.0 0.0 0.0 0.0 0.0
65 8.3937 0.27571553628746515 0.0 0.0 0.0 0.0919 0.0 0.0919 0.0 0.0919 0.0 0.0 0.0 0.0 0.0 0.0 0.0 0.0 0.0 0.0 0.0 0.0
66 8.5068 0.2659535620492727 0.0 0.0 0.0 0.0887 0.0 0.0887 0.0 0.0887 0.0 0.0 0.0 0.0 0.0 0.0 0.0 0.0 0.0 0.0 0.0 0.0
67 8.6199 0.2561915878110801 0.0 0.0 0.0 0.0854 0.0 0.0854 0.0 0.0854 0.0 0.0 0.0 0.0 0.0 0.0 0.0 0.0 0.0 0.0 0.0 0.0
68 8.733 0.24642961357288762 0.0 0.0 0.0 0.0821 0.0 0.0821 0.0 0.0821 0.0 0.0 0.0 0.0 0.0 0.0 0.0 0.0 0.0 0.0 0.0 0.0
69 8.8462 0.23666763933469515 0.0 0.0 0.0 0.0789 0.0 0.0789 0.0 0.0789 0.0 0.0 0.0 0.0 0.0 0.0 0.0 0.0 0.0 0.0 0.0 0.0
70 8.9593 0.22690566509650256 0.0 0.0 0.0 0.0756 0.0 0.0756 0.0 0.0756 0.0 0.0 0.0 0.0 0.0 0.0 0.0 0.0 0.0 0.0 0.0 0.0
71 9.0724 0.21714369085831006 0.0 0.0 0.0 0.0724 0.0 0.0724 0.0 0.0724 0.0 0.0 0.0 0.0 0.0 0.0 0.0 0.0 0.0 0.0 0.0 0.0
72 9.1856 0.20738171662011762 0.0 0.0 0.0 0.0691 0.0 0.0691 0.0 0.0691 0.0 0.0 0.0 0.0 0.0 0.0 0.0 0.0 0.0 0.0 0.0 0.0
73 9.2987 0.19761974238192503 0.0 0.0 0.0 0.0659 0.0 0.0659 0.0 0.0659 0.0 0.0 0.0 0.0 0.0 0.0 0.0 0.0 0.0 0.0 0.0 0.0
74 9.4118 0.18785776814373256 0.0 0.0 0.0 0.0626 0.0 0.0626 0.0 0.0626 0.0 0.0 0.0 0.0 0.0 0.0 0.0 0.0 0.0 0.0 0.0 0.0
75 9.525 0.1780957939055401 0.0 0.0 0.0 0.0594 0.0 0.0594 0.0 0.0594 0.0 0.0 0.0 0.0 0.0 0.0 0.0 0.0 0.0 0.0 0.0 0.0
76 9.6381 0.1683338196673475 0.0 0.0 0.0 0.0561 0.0 0.0561 0.0 0.0561 0.0 0.0 0.0 0.0 0.0 0.0 0.0 0.0 0.0 0.0 0.0 0.0
77 9.7512 0.15857184542915503 0.0 0.0 0.0 0.0529 0.0 0.0529 0.0 0.0529 0.0 0.0 0.0 0.0 0.0 0.0 0.0 0.0 0.0 0.0 0.0 0.0
78 9.8643 0.14880987119096256 0.0 0.0 0.0 0.0496 0.0 0.0496 0.0 0.0496 0.0 0.0 0.0 0.0 0.0 0.0 0.0 0.0 0.0 0.0 0.0 0.0
79 9.9775 0.13904789695276998 0.0 0.0 0.0 0.0463 0.0 0.0463 0.0 0.0463 0.0 0.0 0.0 0.0 0.0 0.0 0.0 0.0 0.0 0.0 0.0 0.0
80 10.0906 0.1292859227145775 0.0 0.0 0.0 0.0431 0.0 0.0431 0.0 0.0431 0.0 0.0 0.0 0.0 0.0 0.0 0.0 0.0 0.0 0.0 0.0 0.0
81 10.2037 0.11952394847638514 0.0 0.0 0.0 0.0398 0.0 0.0398 0.0 0.0398 0.0 0.0 0.0 0.0 0.0 0.0 0.0 0.0 0.0 0.0 0.0 0.0
82 10.3169 0.10976197423819244 0.0 0.0 0.0 0.0366 0.0 0.0366 0.0 0.0366 0.0 0.0 0.0 0.0 0.0 0.0 0.0 0.0 0.0 0.0 0.0 0.0
83 10.43 0.1 0.0 0.0 0.0 0.0333 0.0 0.0333 0.0 0.0333 0.0 0.0 0.0 0.0 0.0 0.0 0.0 0.0 0.0 0.0 0.0 0.0
