 70Ni   70   28    8    8    1    1    7.306530   16.333750
  1   0.000000   0.0  1  6.001E+00  0                        0+  1 =  1.0000E+02 %B-                                                                                                                                                                                                            0.000000  0
  2   1.259600   2.0  1  1.0E-15  1                      (2+)  0                                                                                                                                                                                                                              0.000000  0
                                          1      1.260  9.999E-01  1.000E+00  1.500E-04
  3   1.867500   2.0  1  1.0E-15  2                      (2+)  0                                                                                                                                                                                                                              0.000000
                                          2      0.608  5.711E-01  5.715E-01  7.400E-04
                                          1      1.868  4.283E-01  4.285E-01  3.130E-04
  4   2.229500   4.0  1  1.0E-15  1                      (4+)  0                                                                                                                                                                                                                              0.000000  0
                                          2      0.970  9.997E-01  1.000E+00  2.700E-04
  5   2.678400   6.0  1  1.0E-09  1                      (6+)  0                                                                                                                                                                                                                              0.000000  0
                                          4      0.449  9.976E-01  1.000E+00  2.400E-03
  6   2.860000   8.0  1  2.320E-07  1                      (8+)  0                                                                                                                                                                                                                              0.000000  0
                                          5      0.183  9.442E-01  1.000E+00  5.910E-02
  7   3.146000   5.0 -1  1.0E-15  1                      (5-)  0                                                                                                                                                                                                                              0.000000
                                          4      0.916  9.999E-01  1.000E+00  1.290E-04
  8   3.361200   7.0 -1  1.0E-15  1                      (7-)  0                                                                                                                                                                                                                              0.000000
                                          5      0.683  9.998E-01  1.000E+00  2.420E-04
