#Energy 	 #levels_created 	 #levels_model 	 #levels_model_from_tot 
2.86767	0	10.4103	10.3483
2.88302	0	10.5848	10.522
2.89837	0	10.7622	10.6987
2.91372	0	10.9426	10.8783
2.92908	0	11.1261	11.0609
2.94442	0	11.3126	11.2466
2.95978	0	11.5022	11.4354
2.97512	0	11.695	11.6274
2.99047	0	11.8911	11.8226
3.00582	0	12.0904	12.0211
3.02117	0	12.2931	12.2229
3.03652	0	12.4992	12.4281
3.05187	0	12.7088	12.6367
3.06723	0	12.9218	12.8489
3.08257	0	13.1385	13.0646
3.09793	0	13.3588	13.2839
3.11327	0	13.5828	13.5069
3.12862	0	13.8105	13.7336
3.14397	1	14.0421	13.9642
3.15932	0	14.2775	14.1986
3.17467	0	14.5169	14.437
3.19002	0	14.7604	14.6794
3.20538	0	15.0079	14.9258
3.22072	0	15.2595	15.1764
3.23608	0	15.5154	15.4312
3.25142	0	15.7756	15.6902
3.26677	0	16.0402	15.9536
3.28212	1	16.3092	16.2215
3.29747	0	16.5827	16.4938
3.31283	0	16.8608	16.7707
3.32817	0	17.1436	17.0522
3.34353	1	17.4311	17.3385
3.35887	0	17.7234	17.6296
3.37423	0	18.0207	17.9255
3.38957	0	18.3229	18.2265
3.40492	0	18.6302	18.5325
3.42028	0	18.9427	18.8436
3.43562	1	19.2604	19.1599
3.45097	0	19.5834	19.4816
3.46632	0	19.9119	19.8086
3.48168	0	20.2459	20.1412
3.49702	1	20.5854	20.4793
3.51238	0	20.9307	20.8231
3.52772	0	21.2818	21.1727
3.54307	0	21.6388	21.5281
3.55842	1	22.0017	21.8896
3.57377	1	22.3708	22.257
3.58913	0	22.746	22.6307
3.60447	0	23.1276	23.0106
3.61983	0	23.5155	23.3969
3.63517	0	23.91	23.7897
3.65053	1	24.3111	24.1891
3.66587	0	24.7189	24.5952
3.68122	1	25.1335	25.0081
3.69658	0	25.5552	25.4279
3.71192	0	25.9839	25.8548
3.72727	1	26.4197	26.2888
3.74262	0	26.8629	26.7302
3.75798	0	27.3136	27.1789
3.77332	0	27.7718	27.6352
3.78868	0	28.2377	28.0991
3.80402	1	28.7114	28.5708
3.81937	0	29.1931	29.0505
3.83472	0	29.6828	29.5382
3.85007	0	30.1808	30.0341
3.86543	0	30.6871	30.5383
3.88077	0	31.2019	31.051
3.89612	1	31.7254	31.5722
3.91148	3	32.2576	32.1023
3.92683	1	32.7988	32.6412
3.94217	0	33.3491	33.1892
3.95752	0	33.9086	33.7464
3.97288	0	34.4775	34.3129
3.98822	1	35.0559	34.8889
4.00357	0	35.644	35.4747
4.01892	0	36.2421	36.0702
4.03428	0	36.8501	36.6757
4.04962	0	37.4684	37.2915
4.06498	0	38.097	37.9175
4.08033	2	38.7362	38.5541
4.09567	1	39.3861	39.2013
4.11102	0	40.0469	39.8594
4.12637	3	40.7188	40.5286
4.14173	1	41.402	41.209
4.15707	0	42.0967	41.9008
4.17243	0	42.803	42.6042
4.18778	0	43.5211	43.3194
4.20312	3	44.2514	44.0467
4.21847	1	44.9938	44.7861
4.23382	0	45.7488	45.538
4.24918	0	46.5164	46.3025
4.26452	3	47.2969	47.0798
4.27987	0	48.0904	47.8702
4.29523	0	48.8973	48.6738
4.31058	0	49.7178	49.491
4.32592	2	50.552	50.3218
4.34127	0	51.4002	51.1666
4.35663	1	52.2627	52.0256
4.37197	0	53.1396	52.899
4.38732	0	54.0313	53.7871
4.40268	0	54.9379	54.6901
4.41803	2	55.8597	55.6082
4.43337	0	56.797	56.5417
4.44872	0	57.75	57.491
4.46408	0	58.7191	58.4561
4.47942	0	59.7044	59.4375
4.49477	2	60.7062	60.4353
4.51013	0	61.7248	61.4499
4.52548	0	62.7606	62.4815
4.54082	1	63.8137	63.5304
4.55617	1	64.8845	64.597
4.57153	3	65.9733	65.6814
4.58688	1	67.0803	66.7841
4.60222	1	68.2059	67.9053
4.61758	2	69.3504	69.0453
4.63293	1	70.5142	70.2044
4.64827	0	71.6974	71.383
4.66362	2	72.9005	72.5813
4.67897	1	74.1238	73.7998
4.69433	0	75.3677	75.0388
4.70967	3	76.6324	76.2985
4.72503	1	77.9183	77.5794
4.74038	2	79.2259	78.8818
4.75572	1	80.5553	80.2061
4.77107	2	81.9071	81.5526
4.78642	0	83.2816	82.9217
4.80178	2	84.6791	84.3138
4.81712	2	86.1001	85.7292
4.83248	1	87.5449	87.1684
4.84783	1	89.014	88.6318
4.86318	1	90.5078	90.1198
4.87852	1	92.0266	91.6327
4.89387	3	93.5709	93.171
4.90923	4	95.1412	94.7352
4.92457	1	96.7377	96.3256
4.93993	1	98.3611	97.9427
4.95528	0	100.012	99.5869
4.97063	0	101.69	101.259
4.98597	0	103.397	102.959
5.00132	2	105.132	104.687
5.01667	1	106.896	106.445
5.03202	4	108.69	108.232
5.04738	3	110.514	110.049
5.06273	0	112.368	111.896
5.07808	4	114.254	113.775
5.09342	0	116.172	115.685
5.10877	1	118.121	117.627
5.12412	2	120.103	119.602
5.13948	1	122.119	121.609
5.15483	3	124.168	123.651
5.17018	2	126.252	125.727
5.18553	5	128.371	127.838
5.20087	2	130.525	129.984
5.21622	2	132.716	132.166
5.23157	2	134.943	134.385
5.24693	2	137.208	136.641
5.26227	1	139.51	138.935
5.27763	1	141.851	141.267
5.29298	3	144.232	143.639
5.30832	2	146.653	146.05
5.32367	1	149.114	148.502
5.33902	1	151.616	150.995
5.35438	3	154.161	153.53
5.36972	3	156.748	156.107
5.38508	2	159.378	158.728
5.40043	1	162.053	161.393
5.41578	3	164.773	164.102
5.43112	6	167.538	166.857
5.44647	1	170.35	169.658
5.46183	7	173.209	172.506
5.47717	2	176.116	175.402
5.49253	2	179.071	178.347
5.50788	2	182.077	181.341
5.52323	4	185.132	184.386
5.53857	2	188.239	187.481
5.55392	5	191.398	190.628
5.56928	1	194.611	193.829
5.58462	2	197.877	197.083
5.59998	2	201.198	200.391
5.61533	4	204.574	203.755
5.63068	1	208.008	207.176
5.64602	2	211.499	210.654
5.66137	7	215.048	214.191
5.67673	1	218.657	217.786
5.69207	2	222.327	221.443
5.70743	4	226.058	225.16
5.72278	5	229.852	228.94
5.73813	7	233.71	232.784
5.75347	3	237.632	236.692
5.76882	5	241.62	240.665
5.78417	6	245.676	244.705
5.79953	1	249.799	248.813
5.81488	1	253.991	252.991
5.83023	4	258.254	257.238
5.84558	6	262.588	261.556
5.86092	4	266.995	265.947
5.87627	4	271.476	270.412
5.89162	2	276.033	274.952
5.90698	7	280.665	279.567
5.92232	7	285.376	284.261
5.93768	7	290.165	289.033
5.95303	2	295.035	293.885
5.96837	3	299.987	298.819
5.98372	9	305.022	303.836
5.99907	4	310.141	308.936
6.01443	5	315.346	314.123
6.02977	8	320.639	319.396
6.04513	3	326.02	324.758
6.06048	3	331.492	330.21
6.07583	4	337.056	335.754
6.09117	4	342.713	341.39
6.10652	4	348.465	347.122
6.12188	11	354.313	352.949
6.13722	4	360.26	358.874
6.15258	4	366.306	364.899
6.16793	1	372.454	371.025
6.18328	13	378.705	377.254
6.19862	5	385.061	383.587
6.21397	5	391.524	390.027
6.22933	6	398.095	396.575
6.24467	7	404.777	403.232
6.26003	3	411.571	410.002
6.27538	7	418.478	416.885
6.29073	4	425.502	423.883
6.30607	13	432.643	431
6.32142	7	439.905	438.235
6.33678	5	447.288	445.592
6.35213	3	454.795	453.073
6.36748	5	462.429	460.679
6.38283	11	470.19	468.413
6.39818	6	478.082	476.276
6.41352	7	486.106	484.272
6.42887	5	494.264	492.402
6.44422	7	502.56	500.669
6.45958	5	510.995	509.074
6.47493	8	519.572	517.62
6.49028	8	528.292	526.31
6.50563	5	537.159	535.146
6.52097	10	546.175	544.13
6.53632	8	555.342	553.264
6.55167	10	564.663	562.552
6.56703	13	574.14	571.997
6.58237	9	583.777	581.599
6.59773	8	593.575	591.363
6.61308	12	603.537	601.291
6.62843	8	613.667	611.385
6.64377	9	623.967	621.649
6.65912	9	634.44	632.085
6.67448	10	645.089	642.697
6.68982	13	655.916	653.486
6.70518	10	666.925	664.457
6.72053	6	678.119	675.612
6.73588	12	689.5	686.954
6.75122	12	701.073	698.487
6.76657	15	712.84	710.213
6.78193	10	724.805	722.136
6.79727	9	736.97	734.259
6.81263	11	749.34	746.586
6.82798	15	761.917	759.119
6.84333	12	774.705	771.863
6.85867	12	787.708	784.821
6.87402	11	800.929	797.997
6.88937	11	814.373	811.394
6.90473	11	828.041	825.015
6.92008	12	841.94	838.866
6.93543	15	856.071	852.949
6.95078	12	870.44	867.268
6.96612	17	885.05	881.827
6.98147	14	899.905	896.632
6.99682	12	915.009	911.684
7.01218	12	930.367	926.989
7.02753	16	945.983	942.552
7.04288	12	961.861	958.375
7.05823	13	978.005	974.464
7.07357	15	994.421	990.824
7.08892	16	1011.11	1007.46
7.10427	15	1028.08	1024.37
7.11963	19	1045.34	1041.57
7.13498	21	1062.88	1059.05
7.15033	15	1080.72	1076.83
7.16568	20	1098.86	1094.91
7.18102	12	1117.31	1113.29
7.19637	16	1136.06	1131.98
7.21172	19	1155.13	1150.99
7.22707	16	1174.52	1170.31
7.24243	19	1194.23	1189.96
7.25778	20	1214.28	1209.93
7.27313	21	1234.66	1230.24
7.28848	16	1255.38	1250.9
7.30382	23	1276.45	1271.9
7.31917	24	1297.88	1293.25
7.33452	19	1319.66	1314.96
7.34988	20	1341.81	1337.04
7.36523	19	1364.34	1359.48
7.38058	23	1387.24	1382.31
7.39593	21	1410.52	1405.51
7.41127	28	1434.2	1429.11
7.42662	27	1458.27	1453.1
7.44197	26	1482.75	1477.49
7.45733	24	1507.63	1502.3
7.47268	23	1532.94	1527.52
7.48803	24	1558.67	1553.16
7.50338	26	1584.83	1579.24
7.51872	26	1611.43	1605.75
7.53407	22	1638.48	1632.71
7.54942	28	1665.98	1660.12
7.56478	23	1693.95	1687.99
7.58013	24	1722.38	1716.32
7.59548	28	1751.29	1745.14
7.61083	33	1780.68	1774.43
7.62617	35	1810.57	1804.22
7.64152	24	1840.96	1834.51
7.65687	31	1871.86	1865.31
7.67223	28	1903.28	1896.63
7.68758	34	1935.23	1928.47
7.70293	31	1967.71	1960.84
7.71828	31	2000.74	1993.76
7.73362	33	2034.32	2027.23
7.74897	27	2068.47	2061.26
7.76432	29	2103.19	2095.87
7.77968	35	2138.49	2131.05
7.79503	33	2174.39	2166.83
7.81038	36	2210.88	2203.21
7.82573	33	2247.99	2240.19
7.84108	37	2285.73	2277.8
7.85642	30	2324.09	2316.04
7.87177	38	2363.1	2354.92
7.88712	33	2402.77	2394.46
7.90248	44	2443.1	2434.66
7.91783	39	2484.11	2475.53
7.93318	31	2525.8	2517.09
7.94853	39	2568.2	2559.34
7.96387	36	2611.31	2602.31
7.97922	42	2655.14	2646
7.99457	46	2699.7	2690.42
8.00993	39	2745.02	2735.58
8.02528	43	2791.1	2781.51
8.04063	43	2837.94	2828.21
8.05598	46	2885.58	2875.69
8.07132	50	2934.02	2923.96
8.08667	49	2983.26	2973.05
8.10202	48	3033.34	3022.96
8.11738	53	3084.25	3073.71
8.13273	50	3136.02	3125.31
8.14808	48	3188.66	3177.78
8.16343	50	3242.19	3231.13
8.17877	51	3296.61	3285.37
8.19412	49	3351.94	3340.53
8.20947	55	3408.21	3396.61
8.22483	59	3465.41	3453.63
8.24018	56	3523.58	3511.61
8.25553	56	3582.73	3570.56
8.27088	50	3642.86	3630.5
8.28622	52	3704.01	3691.45
8.30157	58	3766.18	3753.42
8.31692	63	3829.4	3816.44
8.33228	61	3893.68	3880.51
8.34763	55	3959.04	3945.65
8.36298	71	4025.49	4011.89
8.37833	63	4093.06	4079.24
8.39367	64	4161.76	4147.72
8.40902	54	4231.62	4217.36
8.42437	70	4302.65	4288.16
8.43973	61	4374.87	4360.15
8.45508	70	4448.31	4433.34
8.47043	78	4522.97	4507.77
8.48578	77	4598.89	4583.45
8.50113	71	4676.09	4660.39
8.51647	78	4754.58	4738.63
8.53182	75	4834.39	4818.18
8.54717	70	4915.53	4899.07
8.56253	71	4998.04	4981.32
8.57788	69	5081.94	5064.94
8.59323	79	5167.24	5149.97
8.60858	74	5253.98	5236.43
8.62392	75	5342.17	5324.34
8.63927	84	5431.84	5413.73
8.65462	96	5523.02	5504.61
8.66998	85	5615.72	5597.02
8.68533	83	5709.99	5690.98
8.70068	86	5805.83	5786.52
8.71603	94	5903.29	5883.67
8.73137	91	6002.38	5982.44
8.74672	89	6103.13	6082.88
8.76207	92	6205.57	6184.99
8.77743	88	6309.74	6288.83
8.79278	90	6415.65	6394.4
8.80813	95	6523.34	6501.75
8.82348	94	6632.84	6610.9
8.83882	99	6744.18	6721.89
8.85417	109	6857.38	6834.73
8.86952	113	6972.49	6949.48
8.88488	105	7089.53	7066.14
8.90023	105	7208.53	7184.77
8.91558	104	7329.53	7305.39
8.93093	116	7452.56	7428.03
8.94627	106	7577.66	7552.73
8.96162	123	7704.85	7679.53
8.97697	124	7834.18	7808.45
8.99233	128	7965.69	7939.54
